communications:
total_server_send_model_size: 224181.4262866974 mb
total_server_recive_model_size: 224181.4262866974 mb
